1127.01	809.169	849.576	899.451	776.443	701.615	746.115	589.4	1045.9	843.775	535.712	735.778	851.087	1036.24	795.115	765.935	913.884	603.755	970.873	960.767	895.345	798.299	721.224	425.653	763.376	759.185	980.044	825.97	1007.67	907.841	530.551	597.446	997.498	938.65	904.029	753.501	615.376	741.068	812.615	844.572	704.368	799.513	846.877	800.83	409.333	813.736	863.955	911.005	787.591	848.595	1028.51	819.592	695.791	853.58	641.518	654.459	854.841	734.095	890.948	912.607	505.463	890.096	761.177	944.658	758.247	830.177	933.264	861.083	897.724	954.479	652.216	662.513	508.954	755.544	806.877	892.646	606.744	667.161	897.99	770.939	505.192	627.455	867.404	814.373	823.537	817.61	668.693	781.556	911.431	562.689	614.357	670.142	826.029	770.787	850.919	781.436	920.271	755.611	695.076	991.643	931.509	781.462	923.169	937.763	849.303	895.443	766.596	689.838	585.274	436.129	759.016	967.115	938.197	778.423	836.56	749.279	761.349	683.419	935.455	734.88	864.255	836.888	651.521	686.169	749.154	816.685	676.372	665.236	517.044	584.45	730.154	623.244	629.096	614.732	881.549	1017.22	910.197	850.326	831.509	830.224	708.74	853.181	838.357	780.779	1072.64	812.514	718.626	705.904	775.916	648.189	803.857	675.048	607.173	653.369	912.537	789.939	950.545	904.677	739.091	757.365	780.576	807.529	808.782	928.51	841.861	812.564	758.194	677.694	750.298	794.201	697.134	488.306	781.92	673.325	749.61	836.181	727.197	668.36	809.669	728.701	676.364	679.392	666.926	766.759	676.704	760.47	928.724	1076.37	928.26	961.857	767.396	1043.44	479.72	768.517	901.002	949.052	
809.169	1195.92	946.955	1088.06	797.721	722.807	928.224	762.866	890.117	680.387	716.689	750.722	1017.04	994.12	917.224	702.967	845.442	642.544	820.77	838.884	774.173	806.816	583.612	291.993	846.855	911.759	811.022	777.485	753	703.587	723.276	612.223	962.249	762.492	923.348	773.584	573.855	867.201	984.807	976.62	648.351	823.09	795.105	699.915	470.667	722.368	950.811	939.169	731.796	735.964	1207.42	795.463	716.062	970.957	838.092	467.396	696.587	758.381	902.141	930.304	848.398	962.215	575.422	851.829	740.79	817.255	847.132	662.875	1080.86	1134.24	963.108	761.09	596.977	526.772	783.105	998.157	781.872	750.747	946.495	727.97	614.263	894.227	956.869	770.353	936.102	611.805	785.513	923.111	715.216	681.344	746.845	656.571	1131.18	829.893	1031.13	916.218	1036.64	607.639	707.371	952.821	884.921	763.731	1082.92	1138.72	1062.98	989.721	1025.8	837.086	596.137	460.398	943.008	1098.22	986.265	1043.88	1153.28	924.139	617.508	658.876	1033.23	847.274	950.961	871.777	545.594	532.918	924.077	940.009	739.52	864.951	470.189	711.225	962.077	529.289	919.215	819.2	859.608	970.279	869.099	1052.16	929.921	1070.45	788.703	676.424	886.679	884.556	1009.82	692.923	664.48	606.452	782.791	576.761	917.262	590.357	482.087	534.184	820.102	801.97	991.439	805.839	747.212	758.016	873.788	845.764	802.891	1084.75	907.43	717.449	950.763	691.18	728.149	961.267	625.234	316.32	777.96	545.329	932.805	950.424	938.099	578.014	753.501	707.85	544.349	681.363	486.797	592.879	496.185	569.068	652.862	851.353	1137.96	1029.1	976.531	917.384	748.86	662.259	888.834	933.359	
849.576	946.955	1214.04	1142.79	949.954	837.17	995.197	823.848	972.926	733.63	784.93	810.497	1064.77	1000.44	1049.2	792.09	988.251	815.037	936.547	939.845	870.09	922.169	811.713	500.201	865.335	899.577	933.711	812.359	877.114	781.145	708.418	722.768	1046.76	763.387	907.036	799.631	821.335	934.171	1024.17	985.169	841.55	873.387	963.414	862.441	607.333	868.547	962.684	917.576	828.658	881.577	1132.65	776.762	924.305	1113.01	911.358	756.629	804.145	817.603	880.951	829.385	848.6	975.655	688.74	1040.22	772.173	959.792	862.953	824.846	1034.79	1154.22	934.927	843.387	762.632	662.633	836.414	885.521	885.333	841.065	968.901	900.061	735.362	920.71	1002.82	825.521	979.9	666.199	920.441	1044.44	791.198	712.522	771.794	704.576	948.088	776.387	1084.47	956.169	1148.74	879.252	921.061	927.654	824.468	905.496	1136.95	987.926	1052.09	1081.95	1012.63	841.331	638.552	500.715	996.227	1048.2	1114.33	1044.36	1108.36	1011.52	717.956	751.389	1143.71	972.332	988.063	1008.12	689.172	634.955	1026.33	1016.66	830.469	1011.52	646.659	819.739	1006.33	729.359	971.655	797.629	947.656	1030.82	1025.39	1069.55	964.468	1026.76	722.414	875.711	1022.85	966.549	1012.68	837.44	862.874	773.793	774.601	603.548	969.82	835.578	681.873	613.602	817.9	924.061	1127.74	843.766	916.684	802.683	974.087	837.062	886.416	1026.52	963.739	769.279	863.52	733.546	683.064	850.305	811.738	563.954	902.52	670.496	918.199	979.711	947.386	681.712	895.928	711.279	743.579	781.062	544.201	716.903	714.145	741.333	775.791	920.521	1204.03	1064.87	763.981	927.117	688.82	779.306	844.709	873.549	
899.451	1088.06	1142.79	1333.42	1002.77	921.03	1046.55	807.659	1013.22	807.81	793.563	811.597	1070.75	1040.92	1122.55	842.59	1039.91	762.67	988.466	1029.19	904.15	1027.3	815.567	490.186	942.692	960.329	949.689	859.041	897.792	749.802	737.742	743.512	1113.32	872.44	960.377	870.102	773.692	992.615	1019.03	1101	844.077	988.586	948.253	811.359	578.667	832.613	1028.73	1021.45	826.062	864.89	1279.01	823.144	906.121	1259.66	877.455	757.078	815.802	880.411	969.155	992.415	892.946	1019.45	680.674	979.096	789.494	945.715	855.887	787.927	1086.13	1205.22	994.953	856.586	736.688	566.127	827.253	1006.65	886.227	880.362	1020.14	874.458	688.944	854.25	1146.53	918.946	899.554	616.161	924.506	1081.65	860.282	789.678	819.593	709.304	1119.42	922.293	1184.32	892.151	1228.5	821.202	888.312	908.866	938.758	947.864	1253.06	1117.37	1132.13	1166.77	1143.93	947.056	688.248	504.739	1054.85	1056.55	1135.81	1099.63	1243.48	1031.12	706.937	734.758	1140.25	970.081	990.191	996.696	720.201	723.059	1039.79	1051.89	854.905	981.092	630.648	788.381	1074.79	695.748	996.452	799.785	925.037	1071.65	1029.85	1122.05	1072.76	1139.61	721.4	826.542	1102.63	1082.64	1066	779.627	859.472	763.007	918.532	718.198	1083.11	843.476	658.887	599.118	798.554	988.458	1170.21	836.194	976.583	854.29	1018.83	851.898	913.424	1130.8	1052.94	793.308	892.067	696.588	752.216	955.682	765.649	528.912	965.36	693.011	994.161	1076.54	958.854	662.421	910.538	721.161	717.208	795.044	537.893	675.457	669.948	765.52	813.129	936.946	1329.06	1119.15	874.872	1013.11	671.26	708.414	951.664	978.345	
776.443	797.721	949.954	1002.77	1294.85	1072.04	781.292	638.305	818.047	772.364	712.028	617.828	845.582	831.48	1128.29	978.684	1141.21	939.572	916.833	825.942	742.876	969.363	909.151	643.145	798.554	815.061	859.533	790.311	984.505	814.67	778.213	917.818	1021.77	798.176	783.699	794.237	995.554	800.79	836.044	1005.49	914.132	950.113	1074.3	790.289	568	780.769	851.477	1009.44	842.293	931.252	1226.19	742.283	1079.2	1132.41	833.566	780.683	734.67	895.499	966.55	926.622	568.136	650.994	625.144	870.093	691.407	838.638	721.231	768.624	960.893	976.476	634.729	778.113	862.982	593.791	763.296	771.713	819.191	687.31	836.609	974.138	575.483	727.724	1032.76	868.585	729.864	642.591	966.225	854.161	784.973	748.267	645.256	639.507	910.194	821.24	1040.35	834.427	1112.65	957.086	742.201	685.249	817.154	788.147	1008.72	831.984	1047.32	1003.85	928.747	913.701	687.622	575.641	912.329	886.292	1038.94	843.056	948.12	938.076	615.339	729.603	943.724	779.255	721.819	937.677	811.535	538.721	860.382	879.803	820.09	733.521	735.039	697.271	896.382	829.439	721.994	529.81	842.739	918.141	1007.43	911.578	1055.15	993.646	596.233	830.597	976.751	907.323	958.796	854.607	1009.43	971.511	858.881	545.514	1088.5	969.997	722.68	649.627	665.864	819.138	1005.78	776.391	887.541	786.668	837.449	777.947	860.787	915.649	927.462	673.078	588.967	442.215	756.373	747.39	937.59	692.785	843.84	721.083	770.591	922.597	756.431	720.215	970.474	647.142	731.679	825.883	587.273	698.036	743.606	1024.06	709.893	830.585	1114.27	961.999	654.841	806.932	467.44	661.071	733.979	777.45	
701.615	722.807	837.17	921.03	1072.04	1171.22	765.659	607.126	834.437	871.422	571.541	523.541	741.711	883.8	1088.66	903.622	1130.47	968.459	756.363	749.311	708.978	883.815	975.956	729.526	679.17	721.904	865.667	860.556	884.126	750.548	741.467	799.289	977.067	961.281	804.696	834.185	757.17	652.748	745.222	920.052	916.059	940.163	973.482	782.444	597	757.244	819.585	971.615	855.267	950.259	1098.93	772.015	890.393	1040.04	863.03	849.015	732.548	947.696	1036.35	949.111	449.881	604.57	562.919	799.267	678.037	708.793	746.756	726.719	908.267	883.978	577.844	701.163	764.711	636.356	744.482	684.163	811.356	649.948	813.644	864.489	460.015	689.022	1075.99	985.926	707.119	659.356	872.326	759.207	861.067	807.333	498.081	614.733	844.57	810.4	969.526	844.933	1023.87	768.23	637.607	705.044	776.17	715.133	925.807	833.319	1064.81	1008.04	930.133	923.304	751.111	435.007	842.844	807.659	888.881	763.081	860.2	902.978	541.096	704.215	775.022	630.474	654.896	809.585	722.274	535.807	793.711	828.215	711.052	594.807	613.793	617.156	792.711	651.793	659.57	448.252	831.096	889.704	952.756	817.889	950.17	994.83	436.363	730.785	966.956	848.415	856.178	861.037	899.326	1034.56	948.407	641.77	978.518	794.785	782.8	683.933	700.119	803.489	922.104	802.356	880.704	833.941	772.044	857.133	840.533	963.044	819.511	733.193	564.637	456.074	793.067	800.748	775.748	693.926	923.4	727.015	762.356	961.785	759.756	791.074	960.37	675.311	642.193	697.015	577.763	626.578	751.43	1004.12	742.267	786.926	1010.76	980.393	571.007	765.059	430.4	631.156	777.496	815.652	
746.115	928.224	995.197	1046.55	781.292	765.659	1227.07	908.371	954.614	777.139	754.073	744.94	1053.67	1049.72	1050.07	748.619	961.098	828.994	927.039	920.71	791.221	803.328	674.375	497.465	796.597	852.912	945.578	880.281	747.838	710.177	771.764	640.264	1022.27	826.493	987.061	838.072	609.597	928.524	1096.66	1023.4	821.167	870.959	767.839	751.119	701.333	789.505	1108.76	899.115	837.884	839.514	1123.36	804.542	800.656	1054.65	1053.42	759.808	663.177	783.928	980.164	821.23	965.266	1059.76	539.654	1036.75	732.321	824.482	950.495	746.04	1073.62	1151.95	1076.95	805.959	709.936	670.335	835.839	800.692	988.935	857.137	957.599	745.077	702.342	932.179	960.829	888.625	1030.73	659.201	844.585	995.051	775.404	798.956	728.279	688.649	977.89	769.027	1097.93	1001.86	1051.92	685.03	965.611	1067.89	841.33	851.609	1093.22	1102.08	1163.96	1071.29	1118.34	942.205	703.896	455.104	928.345	1007.07	961.799	1100.15	1107.68	1032.35	672.021	763.688	1035.18	900.469	955.408	939.898	614.389	653.224	1100.54	1035.16	810.796	916.091	583.749	832.721	1066.54	613.349	1104.76	923.876	775.621	1028.03	900.628	1051.9	896.33	1036.2	646.306	710.112	1048.11	1012.77	891.434	714.788	742.718	715.415	773.131	559.37	848.694	599.378	697.853	650.996	924.734	920.077	1024.99	818.068	860.299	874.366	980.025	890.476	820.569	997.159	907.323	866.309	864.828	810.242	664.671	856.257	665.391	512.758	1106.76	668.075	997.201	999.112	1085.63	717.909	850.81	751.843	630.709	679.942	460.532	614.794	599.643	644.867	712.618	891.625	1163.87	1070.52	815.571	828.034	877.16	843.588	1024.31	958.836	
589.4	762.866	823.848	807.659	638.305	607.126	908.371	937.859	673.595	506.916	641.085	649.102	822.633	784.56	795.371	566.706	807.888	768.531	684.348	657.053	470.364	575.223	506.361	388.422	696.798	784.083	735.678	692.798	678.926	709.442	587.804	593	795.291	622.727	696.97	675.477	580.798	823.248	930.126	816.662	726.935	763.508	752.534	735.902	647.333	758.129	923.091	765.4	657.064	716.741	872.136	654.046	727.624	694.015	765.676	637.013	495.442	700.987	674.718	544.263	752.181	804.478	308.729	768.081	562.932	651.22	709.621	695.956	889.098	953.397	894.499	766.508	731.6	586.941	726.534	633.541	904.991	690.022	768.692	766.874	698.946	861.336	669.027	565.102	905.569	609.958	772.682	846.463	518.274	509.006	685.904	607.619	827.461	582.947	845.489	815.442	881.484	722.449	781.093	791.355	692.831	745.199	824.866	914.376	952.9	845.305	803.232	826.747	601.18	530.606	713.449	832.371	808.114	884.921	899.14	914.347	514.55	660.753	827.336	732.211	778.777	819.074	542.371	511.866	892.65	799.82	772.612	782.883	636.187	762.168	876.65	611.237	902.478	785.452	701.6	741.343	817.605	943.47	715.831	802.852	467.315	711.897	830.395	762.593	687.187	691.999	622.666	634.781	580.303	375.251	734.149	594.864	602.543	633.426	753.569	746.874	796.923	695.975	757.31	727.749	727.339	667.216	700.779	805.322	757.826	702.817	757.419	627.664	541.241	727.282	646.265	566.086	880.98	600.979	782.958	776.897	839.605	664.581	722.621	506.036	631.767	680.996	362.861	427.717	470.222	606.553	431.098	709.102	815.945	889.64	617.673	576.951	684.93	744.185	804.213	807.032	
1045.9	890.117	972.926	1013.22	818.047	834.437	954.614	673.595	1544.13	1128.07	652.682	782.299	1007.51	1305.32	1064.61	915.697	1132.78	929.134	1097.38	1135.25	1231.09	916.764	1044.62	757.239	850.076	806.108	1405.41	1148.98	1219.06	1062.33	781.698	719.925	1237.9	1225.36	1320.06	973.136	756.076	897.576	1055.44	967.694	861.258	966.896	912.608	818.924	551.333	918.911	1175.63	1066.9	1075.92	1120.5	1336.43	1117.63	759.413	1021.87	1126.84	1102.39	1161.33	890.682	1174.17	1182.62	657.335	938.036	1006.94	1182.53	1099.78	1130.29	1273.84	1087.92	1221.15	1138.33	884.801	695.896	708.275	1065.88	936.608	964.129	882.729	958.589	1177.55	829.638	575.927	823.807	1090.54	1220.2	1059.42	995.496	859.459	974.993	1312.29	862.872	737.498	805.366	925.419	899.827	1102.71	1109.23	1080.66	746.85	904.103	1325.9	1138.31	870.626	1110.12	1142.66	1222.35	1209.05	1091.86	848.452	799.535	449.897	1050.95	1203.61	1037.87	964.115	1037.58	1049.48	1085.32	995.174	1077.81	823.195	1050.31	1039.01	830.715	1119.12	958.125	977.64	799.844	887.733	518.057	718.866	940.125	540.907	872.036	785.324	942.175	1228.33	1010.22	959.515	934.31	1092.97	954.143	913.876	1052.85	910.654	1215.96	897.251	869.842	886.359	1082.47	1030.05	940.675	761.643	863.703	689.612	1124.42	970.638	1078.59	1221.11	836.095	931.026	939.281	1116.24	1025.89	1180.66	904.262	1083.17	1016.99	1012.17	899.054	989.809	735.192	534.582	1167.06	919.16	950.496	1142.88	1052.22	829.085	1018.94	955.632	710.317	730.777	919.169	1102.37	985.864	845.799	1320.15	1262.2	1145.25	1203.03	889.363	1326.87	671.21	877.483	1201.67	1103.58	
843.775	680.387	733.63	807.81	772.364	871.422	777.139	506.916	1128.07	1156.81	578.251	547.601	770.581	1053.96	960.139	882.202	975.177	777.699	891.943	893.801	1022.67	821.865	998.636	777.346	674.58	663.844	1061.57	1004.21	917.316	811.728	729.427	664.719	1010.05	1157.99	1064.68	850.835	626.58	651.468	757.422	749.842	709.569	789.503	811.732	703.494	338	721.454	877.315	897.775	968.087	983.309	1049.93	827.955	696.703	934.287	953.16	851.255	944.728	884.026	1063.74	1034.41	482.911	686.46	811.398	922.437	767.537	730.833	994.296	835.359	919.787	849.368	642.624	565.503	509.881	906.416	793.732	701.203	635.466	625.508	874.884	685.859	382.855	678.032	990.573	1093.23	717.839	865.766	678.006	655.517	1080.7	834.783	554.901	625.263	777.11	825.48	885.746	954.353	869.307	563.2	715.347	967.414	902.28	622.043	894.387	867.578	982.087	936.364	872.743	637.374	749.661	336.727	844.574	942.139	796.511	774.251	762.74	805.318	755.456	816.595	812.032	655.954	686.416	792.965	566.514	661.387	730.931	790.995	625.792	615.737	403.133	508.376	687.931	413.183	647.46	551.232	793.506	1013.5	784.946	706.989	801.28	935.07	645.243	709.055	779.336	825.035	991.758	746.937	792.656	890.856	890.957	756.5	728.619	530.355	706.61	588.003	916.839	772.859	851.284	974.116	643.804	746.781	762.064	1043.39	797.823	988.714	708.841	841.963	653.157	587.874	846.997	749.168	586.818	448.876	905.18	797.555	799.766	943.055	829.946	782.124	915.67	849.451	533.913	559.905	821.323	887.488	865.24	801.489	1075.79	1035.23	926.073	974.053	668.127	1014.92	497.13	720.726	932.986	932.012	
535.712	716.689	784.93	793.563	712.028	571.541	754.073	641.085	652.682	578.251	936.97	675.454	800.2	701.44	795.073	632.961	680.612	652.913	855.874	700.78	770.469	724.388	600.305	478.022	818.48	761.695	632.322	579.369	666.019	628.669	683.196	668.166	769.709	534.884	759.252	548.912	747.48	780.863	746.541	605.727	536.01	625.714	719.077	568.931	311.667	577.705	744.298	711.712	671.936	625.203	869.309	460.065	833.321	913.262	773.047	425.098	598.669	716.735	683.893	675.07	802.43	692.8	599.159	810.419	506.846	611.224	635.045	595.933	742.902	797.436	741.835	572.714	568.234	527.725	607.077	528.681	587.175	522.089	688.641	648.293	560.165	708.831	693.418	557.342	597.32	526.208	655.762	683.592	491.226	599.494	815.207	583.881	773.317	617.053	744.955	713.558	749.516	600.273	824.462	688.478	665.447	535.301	883.689	704.513	745.656	734.028	692.268	481.531	490.654	439.949	881.385	806.073	778.497	843.69	879.86	769.986	542.672	640.358	892.831	891.345	595.445	764.815	413.185	362.689	747.684	709.292	642.277	789.172	470.258	563.499	689.684	436.708	682.8	570.437	594.122	724.435	651.562	676.196	662.447	743.37	643.908	643.492	647.272	841.518	808.146	518.779	704.279	514.885	441.752	340.027	615.74	540.525	347.957	371.074	588.32	567.293	808.855	634.692	514.468	463.807	613.995	631.784	594.721	695.511	623.007	443.128	565.359	373.891	529.259	514.829	580.346	332.859	571.02	548.132	799.208	708.492	670.562	496.475	723.157	663.297	519.678	616.615	539.361	634.116	545.5	527.836	505.902	653.342	906.778	707.804	700.882	639.493	640.57	641.982	626.509	653.857	
735.778	750.722	810.497	811.597	617.828	523.541	744.94	649.102	782.299	547.601	675.454	825.687	793.75	797.84	723.94	608.661	693.762	602.18	853.908	757.63	747.319	746.305	552.505	382.989	768.797	739.461	750.822	663.619	812.035	739.036	517.596	582.116	861.409	616.701	791.285	556.495	652.797	737.329	758.541	658.411	578.826	679.148	704.994	671.181	395.667	685.355	758.082	756.778	680.236	681.12	835.975	560.832	722.138	812.179	664.83	515.365	647.036	646.519	700.909	696.57	635.047	841.317	577.693	851.469	613.012	706.491	768.145	753.866	778.702	850.786	670.535	570.148	532.284	608.625	672.994	660.614	571.325	567.156	757.241	665.343	513.432	619.481	679.784	589.509	704.453	625.859	590.629	709.076	587.176	522.744	659.174	668.331	775.083	652.253	715.922	676.858	749.116	635.657	823.896	823.528	739.263	642.451	859.722	792.746	709.189	776.828	662.918	529.748	455.404	439.082	781.835	812.94	814.114	778.407	829.96	711.086	619.405	586.725	876.481	833.878	739.579	710.848	494.118	509.722	743.984	724.658	575.711	704.956	458.024	554.799	658.984	509.724	586.317	484.471	695.105	792.101	769.912	721.696	643.263	705.303	628.441	741.375	723.972	721.485	861.846	603.946	601.395	504.385	509.836	417.143	664.573	604.908	423.607	478.624	673.453	628.343	871.221	762.092	583.635	536.74	614.295	581.684	663.571	746.061	647.457	559.844	675.826	560.225	572.709	596.796	649.563	440.275	653.72	501.898	747.859	723.375	629.912	521.058	707.323	647.397	593.144	619.132	510.094	612.266	550.483	533.219	653.702	767.509	845.261	773.371	678.016	776.06	561.02	712.032	727.692	719.591	
851.087	1017.04	1064.77	1070.75	845.582	741.711	1053.67	822.633	1007.51	770.581	800.2	793.75	1280.07	1094.68	1063.67	804.451	1082.16	807.15	960.821	925.326	858.259	853.057	728.418	407.823	913.115	933.472	944.033	883.228	805.833	758.214	852.413	674.834	1076.87	778.571	972.688	879.043	737.115	1018.63	1099.71	1010.6	794.86	868.301	914.991	784.872	617	802.552	1064.88	963.087	904.193	894.28	1349.96	889.027	846.926	1049.77	996.305	654.927	748.214	828.238	974.544	874.456	908.931	1013.16	625.299	1073.74	781.018	908.216	905.198	709.979	1202.29	1264.36	1083.16	876.301	780.966	635.158	843.991	867.401	903.808	889.954	988.742	816.454	736.727	946.841	1028.64	817.863	1059.82	698.708	936.603	1014.33	792.323	794.517	801.601	587.357	1030.61	735.84	1175.02	985.327	1156.45	790.625	908.724	1086.23	828.215	887.097	1197.04	1132.24	1210.14	1123.58	1179.2	936.962	636.706	513.264	1017.51	1104.67	1135.73	1138.15	1215.42	1047.71	674.428	736.147	1121.84	928.077	1082.11	1099.33	632.557	610.044	1072.62	1062.35	875.946	933.594	584.116	890.838	1078.62	604.766	1078.16	872.466	870.078	1029.25	970.648	1156.74	957.215	1113.33	754.721	735.303	1038.52	998.667	1013.23	748.219	867.053	754.678	744.854	494.475	955.559	651.203	684.13	674.777	903.819	989.454	1122.99	811.258	830.152	805.69	1010.68	900.647	944.837	1134.13	1043.65	784.506	883.479	751.437	678.223	890.734	726.184	475.313	1002.94	667.827	930.708	1046.3	1069.65	704.687	816.085	771.776	710.856	794.377	553.362	641.319	640.945	703.269	758.293	993.863	1211.11	1124.48	912.464	921.41	878.29	844.388	913.918	867.206	
1036.24	994.12	1000.44	1040.92	831.48	883.8	1049.72	784.56	1305.32	1053.96	701.44	797.84	1094.68	1512.24	1070.72	890.12	1229.44	945.36	1005.12	1001.36	1025.16	947.2	969.52	672.48	911.24	906.16	1238.6	1142.6	1179.16	1051.52	872.44	739.52	1275.72	1198.44	1213.72	1030.6	660.24	877.08	1121.8	912.56	870.64	1015.76	978	878.2	600	905.44	1253.72	1186.24	1137.48	1105.2	1423	1123.16	747.84	977	1208.32	891.36	1067.52	1044.12	1295.96	1256.2	784.92	1001.96	874.72	1254.88	1064	994.56	1195.56	978.96	1296.28	1241.96	971.92	748.76	683.88	968.84	996	938.56	918.04	951.84	1211.36	846.68	557.76	881.64	1198.12	1092.2	1157.08	962.24	918.52	1007.84	1112.32	874.8	748.48	829.92	1065.56	907.12	1211.08	1210.88	1145.16	692.08	916.36	1502.68	1036.04	904.24	1137.12	1244.64	1281.92	1312.48	1207.04	946.48	805.2	434.08	1098.72	1285.72	1070.32	1073.88	1146.56	1103.76	854.04	883.32	1069.64	849.72	1136.28	1064.32	739.36	874.12	957.08	996.92	786.36	863.52	499.76	762.08	914.08	440.96	991.96	812.72	1045.24	1266.2	1076.16	1087.4	943.04	1225.36	812.32	852.28	1062.32	950.68	1166.12	934.6	877.12	856.2	1030.2	840.72	1027.4	678.48	759.84	758.48	1258.08	1047.68	1136.52	1163.64	845.4	895.76	977.28	1154.64	1044.56	1382.88	939.12	1001.28	1015.28	855.2	923.52	1101.88	695.48	501.8	1165.92	829.56	1027.24	1194.28	1131.16	880.2	1014.2	969.96	716.08	761.96	847.84	940.24	844.84	841.68	1138.28	1202.2	1221.84	1310.24	987.68	1178.04	863.72	868.48	1156.36	1135.04	
795.115	917.224	1049.2	1122.55	1128.29	1088.66	1050.07	795.371	1064.61	960.139	795.073	723.94	1063.67	1070.72	1416.07	1045.62	1259.1	1111.99	989.039	924.71	898.221	1028.33	978.375	724.465	877.597	898.912	1093.58	1043.28	1036.84	872.177	962.764	922.264	1214.27	986.493	1051.06	965.072	964.597	945.524	1072.66	1109.4	995.167	1075.96	1047.84	854.119	687.333	897.505	1108.76	1128.12	1050.88	1101.51	1423.36	915.542	1064.66	1225.65	1176.42	965.808	809.177	999.928	1242.16	1095.23	753.266	864.757	672.654	1056.75	827.321	964.482	915.495	871.04	1232.62	1207.95	921.945	897.959	955.936	741.335	929.839	841.692	1052.93	873.137	1013.6	992.077	637.342	932.179	1190.83	1098.62	967.734	764.201	1079.58	1031.05	950.404	1018.96	757.279	824.649	1060.89	958.027	1258.93	1088.86	1246.92	906.03	987.611	1003.89	950.33	902.609	1180.22	1101.08	1354.96	1265.29	1255.34	1066.21	824.896	551.104	1092.35	1066.07	1133.8	1059.15	1174.68	1170.35	729.021	875.688	1044.18	917.469	902.408	1081.9	794.389	677.224	1081.54	1037.16	932.796	895.091	740.749	830.721	1059.54	735.349	1008.76	704.876	947.621	1149.03	1131.63	1106.9	1075.33	1209.2	631.306	879.112	1160.11	1037.77	1063.43	893.788	1012.72	987.415	964.131	636.37	1151.69	899.378	829.853	719.996	895.734	1034.08	1165.99	937.068	956.299	904.366	985.025	960.476	994.569	1148.16	995.323	827.309	807.828	725.242	828.671	899.257	930.391	748.758	1190.76	803.075	985.201	1153.11	1093.63	864.909	1068.81	862.843	745.709	862.942	700.532	760.794	833.643	956.867	911.618	975.625	1271.87	1212.52	765.571	925.034	694.16	828.588	990.315	917.836	
765.935	702.967	792.09	842.59	978.684	903.622	748.619	566.706	915.697	882.202	632.961	608.661	804.451	890.12	1045.62	1143.78	1105.89	928.939	985.523	894.291	901.358	826.915	945.316	762.166	748.99	752.784	926.467	908.856	977.506	816.908	743.387	784.149	1008.03	900.701	975.656	720.485	820.99	733.188	806.622	896.632	755.079	942.843	894.982	675.544	391	720.664	913.045	1001.93	999.907	1067.36	1166.93	679.895	850.013	912.537	942.29	768.495	807.908	833.356	1096.13	941.711	478.941	685.35	667.879	847.607	628.037	739.873	835.836	886.999	953.307	941.758	559.404	628.843	612.051	766.476	775.982	609.243	680.576	573.068	768.124	799.229	406.695	663.042	989.153	913.526	666.559	775.176	715.686	719.827	887.327	789.233	603.721	739.793	862.65	820.56	935.966	880.773	861.747	750.17	753.087	813.784	915.39	638.953	876.967	827.839	1009.37	941.684	840.353	689.444	757.211	461.447	834.304	849.619	884.141	752.422	867.28	818.658	593.816	797.975	874.042	781.434	662.936	833.345	683.754	536.967	759.151	797.775	687.532	595.667	525.473	559.596	757.151	508.573	657.35	446.212	754.916	905.304	926.136	785.089	856.39	934.31	496.123	767.325	812.716	833.655	1005.34	753.837	825.986	894.156	839.507	524.23	902.719	723.925	667.42	650.073	737.559	679.229	923.464	861.876	638.904	718.621	665.084	840.653	811.113	876.384	673.171	653.733	657.677	453.674	833.927	578.588	814.888	581.826	745.96	730.095	773.176	890.325	756.136	788.174	955.97	816.591	587.633	729.795	743.883	689.398	867.05	919.859	882.307	852.526	930.383	920.713	694.247	859.779	553.86	815.296	882.476	839.372	
913.884	845.442	988.251	1039.91	1141.21	1130.47	961.098	807.888	1132.78	975.177	680.612	693.762	1082.16	1229.44	1259.1	1105.89	1740.39	1342.94	1017.11	931.743	833.543	923.894	1210.79	963.158	924.801	891.571	1229.1	1136.52	1275.49	1146.06	958.64	967.537	1255.82	1130.83	1055.71	1122.41	964.801	980.924	1125.47	1138.67	1118.37	1212.95	1217.69	939.783	943	963.223	1261.13	1237.88	1239.38	1279.23	1585.78	1141.9	982.568	1024.36	1127.06	1118.6	963.064	1176.86	1299.95	1081.03	749.714	790.121	650.876	1159.53	922.611	979.138	1016.53	970.316	1374.68	1230.84	880.353	862.949	1117.86	891.207	911.694	781.249	1106.66	973.484	1116.49	1027	664.004	822.757	1323	1127.48	1139.04	928.357	1114.9	1029.01	1053.67	870.05	729.824	706.77	1021.97	809.72	1280.76	1140.78	1304.96	1072.62	864.882	1182.66	958.101	988.19	1096.44	1163.9	1530.74	1328.21	1207.49	1240.74	942.283	609.702	1055.9	1100.1	1163.11	993.974	1149.86	1217.39	698.129	921.864	1040.76	838.542	1024.57	1211.98	1048.38	892.442	1017.31	1022.46	955.216	778.592	773.838	872.647	1041.31	650.288	1032.12	733.376	978.579	1137.31	1194.38	1165.57	1081.1	1227.05	540.809	974.986	1208.09	971.024	1089.55	1045.21	1135.75	1247.37	1215.17	721.681	1176.46	963.686	1056.29	1116.63	1054.04	1105	1119.73	1040.51	1020.01	1116.78	1039.51	1095.34	1168.61	1326.36	1091.3	1023.71	822.791	674.422	925.37	1035.22	938.074	930.328	1251.02	1023.3	878.357	1178.99	1058.38	1096.67	1096.81	851.593	862.258	961.454	742.929	726.523	948.179	1332.89	951.68	1100.48	1229.68	1312.72	756.302	974.518	729.57	910.797	1038.3	983.796	
603.755	642.544	815.037	762.67	939.572	968.459	828.994	768.531	929.134	777.699	652.913	602.18	807.15	945.36	1111.99	928.939	1342.94	1469.95	824.359	682.67	670.981	682.528	989.095	924.745	761.237	725.672	1057.18	971.881	1110.6	1036.9	878.604	899.984	1060.19	910.333	885.981	888.672	928.237	807.404	1027.46	915.556	1022.21	1056.32	974.839	762.319	967.333	825.345	1092.68	1025.76	996.164	1100.71	1229.36	894.302	910.896	800.654	1136.94	1100.77	721.897	935.248	1139.72	795.43	570.386	596.317	469.574	913.431	762.321	797.642	858.655	870.6	1132.7	963.514	740.065	742.319	1129.62	873.575	819.839	542.852	1150.37	846.377	904.559	942.557	623.702	817.219	974.149	922.825	944.614	823.841	1012.3	857.291	856.924	769.756	704.56	782.769	801.05	664.347	1028.81	1074.54	1023.68	916.91	825.571	966.372	798.77	761.249	854.544	914.12	1299.08	1075.57	978.782	1077.49	873.096	575.984	924.265	924.994	897.32	812.826	902.84	1090.71	652.461	894.208	841.219	717.389	762.488	1031.42	944.349	769.544	898.416	832.275	865.756	749.811	752.109	778.602	903.416	544.909	877.317	583.796	812.261	939.232	1029.39	892.304	839.77	967.163	482.826	840.192	1007.63	797.248	902.754	933.388	960.038	1104.61	982.331	601.29	948.094	832.658	949.093	982.276	885.614	856.557	865.712	947.108	834.699	960.726	763.105	892.516	1000.73	972.839	740.643	836.389	741.908	580.442	767.391	808.937	890.671	903.558	1166.88	880.235	765.841	998.192	988.388	1043.11	1047.01	701.403	751.589	902.502	698.772	676.434	838.883	1123.35	779.698	824.825	908.106	1055.16	580.051	692.474	637.08	905.868	919.275	782.276	
970.873	820.77	936.547	988.466	916.833	756.363	927.039	684.348	1097.38	891.943	855.874	853.908	960.821	1005.12	989.039	985.523	1017.11	824.359	1457.51	1219.66	1088.62	963.52	842.501	731.475	925.447	859.685	1050.69	920.374	1179.48	983.624	651.942	744.445	1132.92	915.862	1095.42	748.88	859.447	950.238	952.363	950.582	733.166	905.831	918.475	729.026	381.667	804.479	1042.11	1001.87	945.462	997.779	1196.9	820.166	955.21	1140.22	907.5	819.1	926.624	877.455	1031.18	1012.08	827.769	998.807	815.051	1085.5	744.049	894.403	1072.02	1048.5	974.529	1056.68	802.219	651.831	606.755	838.661	859.475	782.897	677.761	666.784	887.606	819.192	568.966	696.783	903.017	886.835	744.731	846.694	762.995	842.963	948.882	695.678	842.215	875.904	921.774	825.893	922.608	879.551	873.302	793.046	1061.22	1049.93	1058.51	749.064	1079.77	938.345	942.837	945.833	842.131	651.012	685.915	491.25	932.119	1020.04	979.635	927.249	1018.28	832.584	873.582	837.58	1133.78	1050.79	803.035	918.074	753.112	744.77	897.855	916.713	720.482	816.803	574.337	653.114	857.855	609.437	817.807	655.162	800.682	1045.2	952.987	835.385	848.514	885.853	892.444	922.72	875.567	1012.26	1183.26	800.183	852.961	796.341	852.643	702.354	846.891	752.654	619.087	646.518	891.731	802.192	1105.36	973.727	683.138	747.201	808.899	854.098	807.224	858.866	794.208	774.597	771.023	600.699	831.816	677.304	819.271	501.801	808.96	863.033	884.694	914.72	806.987	750.532	1011.09	890.628	707.497	763.066	788.537	876.324	866.593	840.698	1031.53	1069.83	1065.7	928.243	939.383	1042.2	694.86	957.147	1043.91	972.322	
960.767	838.884	939.845	1029.19	825.942	749.311	920.71	657.053	1135.25	893.801	700.78	757.63	925.326	1001.36	924.71	894.291	931.743	682.67	1219.66	1281.35	997.879	802.957	799.058	609.183	813.295	818.592	1065.23	901.928	994.453	818.854	596.493	607.974	1029.91	915.151	1030.73	763.743	673.295	909.194	936.311	979.016	735.84	868.621	796.491	681.772	399	769.132	994.423	913.767	828.553	904.18	1112.96	846.147	766.306	1032.27	817.045	864.447	911.854	764.578	928.764	925.856	739.871	994.375	770.339	946.403	794.018	954.136	971.118	921.699	928.253	1034.58	836.602	677.621	526.626	761.038	853.491	880.321	713.588	743.834	904.262	751.714	555.047	677.821	907.476	906.263	758.379	784.888	728.243	902.714	990.063	626.617	802.961	740.297	867.525	821.68	919.583	816.487	907.573	724.685	900.244	942.492	1036	788.277	1042.88	960.719	924.584	960.942	932.977	715.822	715.606	437.824	857.052	951.71	942.471	907.811	1004.34	827.029	888.708	818.387	1091.82	899.117	837.068	877.573	718.077	837.884	866.176	906.787	722.466	819.734	544.436	699.398	897.176	578.986	877.375	767.506	823.258	1041.65	916.268	872.544	863.995	917.855	820.961	830.763	922.758	984.427	1081.07	756.419	769.393	744.078	907.754	801.015	852.359	699.063	703.51	595.637	888.379	817.714	1024.63	902.738	775.952	792.01	820.642	854.127	786.257	881.792	847.986	852.966	836.439	766.837	770.363	745.894	687.044	439.413	910.38	815.747	839.888	890.763	840.268	690.587	872.485	736.496	655.416	688.597	735.241	838.499	812.325	741.529	983.253	1078.26	1012.49	943.156	906.224	1107.69	617.83	825.248	1038.94	1004.49	
895.345	774.173	870.09	904.15	742.876	708.978	791.221	470.364	1231.09	1022.67	770.469	747.319	858.259	1025.16	898.221	901.358	833.543	670.981	1088.62	997.879	1542.41	978.735	1048.12	726.894	815.54	706.236	1078.23	888.594	979.764	836.032	688.293	614.041	1034.31	1028.73	1280.68	696.965	692.54	695.572	764.978	662.438	569.751	755.377	756.268	617.106	234	625.266	898.045	915.345	1023.15	968.291	1050.07	729.125	747.217	1127.71	951	626.425	1140.03	794.534	1062.74	1156.19	687.049	833.02	1234.96	1101	829.463	881.447	1152.98	954.121	900.853	892.112	586.336	408.377	348.559	843.504	660.268	697.077	464.054	618.412	923.796	547.981	339.025	645.288	1012.99	1096.37	709.201	790.354	507.754	660.403	1097.46	855.617	617.339	759.697	824.17	851.08	811.294	880.087	775.773	523.84	819.333	1096.43	993.24	517.077	960.173	845.741	864.873	923.876	762.777	365.866	628.939	274.313	1015.79	982.221	844.648	835.189	892.54	751.562	817.064	784.565	1003.29	947.406	737.224	769.195	577.166	754.173	786.109	801.965	494.888	726.023	209.747	403.664	598.109	311.297	540.02	439.128	672.614	1001.1	712.134	614.211	743.24	878.61	894.917	720.585	718.824	826.805	1189.8	624.863	723.904	689.744	812.643	824.86	632.581	556.885	452.31	390.237	793.201	572.981	963.476	1031.2	501.396	601.099	693.576	936.927	758.457	879.726	598.719	692.677	710.483	612.726	882.763	615.272	542.422	277.524	620.78	640.725	927.354	927.585	707.134	523.476	906.93	1116.03	507.127	532.575	835.597	1040.63	954.68	634.352	1189.85	975.374	1112.85	854.067	867.713	1251.6	635.23	748.514	915.694	919.508	
798.299	806.816	922.169	1027.3	969.363	883.815	803.328	575.223	916.764	821.865	724.388	746.305	853.057	947.2	1028.33	826.915	923.894	682.528	963.52	802.957	978.735	1323.18	912.304	612.406	800.419	796.658	824.944	821.12	977.89	751.754	637.311	761.776	1069.88	845.993	907.075	734.318	817.419	744.721	704.815	753.729	690.512	816.72	960.96	790.38	303.333	759.246	796.251	957.299	913.011	879.478	1116.84	708.065	940.734	1267.66	813.214	627.232	875.754	936.992	973.371	1122.91	686.727	756.019	794.723	1004.93	707.08	756.751	894.004	842.59	929.844	966.569	618.396	622.72	562.224	609.404	716.96	767.553	538.154	588.854	855.43	805.409	418.565	643.765	1035.72	912.006	658.523	622.32	772.106	768.833	846.961	857.639	524.11	673.572	962.102	895.267	946.073	795.456	967.911	716.348	921.683	903.113	781.252	760.672	1054.82	823.49	876.649	1005.36	817.506	618.341	486.324	415.116	959.646	928.328	962.06	843.027	947.3	818.819	623.175	569.532	892.765	864.427	740.042	759.335	580.627	517.816	785.974	831.199	629.979	720.733	456.917	521.27	711.974	645.667	580.019	366.779	804.925	898.358	915.087	794.426	880.252	969.331	684.686	778.218	833.137	846.332	980.619	734.747	824.19	755.204	721.633	600.152	933.623	767.385	496.283	382.539	639.523	785.409	1081.46	854.237	713.525	582.072	801.196	723.589	761.772	1000.28	817.091	564.767	586.647	474.16	733.128	722.554	762.638	478.09	676.1	562.399	836.32	965.218	646.087	524.577	934.302	798.041	645.017	639.315	575.953	724.969	746.481	749.607	947.844	857.006	1229.54	930.651	657.783	892.428	526.35	575.187	752.859	742.879	
721.224	583.612	811.713	815.567	909.151	975.956	674.375	506.361	1044.62	998.636	600.305	552.505	728.418	969.52	978.375	945.316	1210.79	989.095	842.501	799.058	1048.12	912.304	1352.85	1060.52	726.113	654.606	1007.47	925.689	1019.16	862.997	736.787	776.182	983.227	1060.49	1023.63	824.096	802.113	621.877	677.956	737.843	811.535	908.221	959.37	741.711	489	692.231	900.856	944.224	1097.71	1119.41	1057.48	770.384	804.468	970.259	921.767	903.984	1044	966.834	1096.12	1016.38	462.53	551.673	859.19	951.907	732.259	703.028	915.769	923.71	913.107	821.524	493.271	493.221	633.018	818.209	630.37	497.621	617.809	594.357	839.391	694.862	333.184	574.276	1120.91	1082.08	688.47	793.409	658.441	638.172	1057.03	798.733	486.41	598.493	720.473	730.76	871.321	887.573	873.347	666.247	710.132	892.751	827.513	574.853	829.612	763.35	1027.01	996.151	825.253	626.966	751.378	344.692	917.671	836.375	825.73	684.61	756.88	852.924	638.994	760.064	795.276	707.078	661.514	800.656	727.799	720.612	713.618	756.864	548.243	563.812	410.628	515.729	621.618	364.228	602.673	318.523	696.594	850.526	831.569	657.422	786.513	918.687	517.101	738.736	844.249	768.344	939.204	756.059	913.241	1066.49	978.452	786.153	756.83	696.336	765.32	626.373	732.47	700.862	890.886	938.609	662.126	716.665	713.551	966.053	853.213	974.351	678.538	719.588	564.699	386.119	841.627	625.277	657.077	580.881	777.16	769.584	745.409	927.736	656.569	758.119	969.193	834.858	592.988	626.784	762.061	840.964	1050.73	1015.27	1057.11	856.081	983.061	930.668	555.492	968.735	518.56	692.929	799.354	785.883	
425.653	291.993	500.201	490.186	643.145	729.526	497.465	388.422	757.239	777.346	478.022	382.989	407.823	672.48	724.465	762.166	963.158	924.745	731.475	609.183	726.894	612.406	1060.52	1224.1	532.301	434.197	783.978	772.848	922.289	765.435	586.324	673.91	740.551	869.331	789.897	650.194	700.301	453.222	494.526	500.558	624.138	697.755	706.117	519.752	395.333	529.898	730.767	738.653	914.404	932.925	748.469	618.159	639.427	644.599	803.152	878.226	801.435	854.863	831.482	695.363	335.624	343.741	600.156	710.371	532.765	477.034	713.602	817.303	667.338	545.827	321.359	295.755	520.89	836.161	472.117	200.688	528.061	374.075	578.572	536.564	218.36	360.706	771.82	809.536	474.876	702.128	497.176	406.6	802.584	594.656	394.577	520.229	480.774	503.907	588.962	762.982	545.764	462.006	666.14	714.045	637.234	376.869	517.993	517.663	777.926	695.145	504.802	472.67	635.53	287.913	659.458	584.465	518.757	468.544	507.12	644.927	534.537	642.146	515.706	514.638	354.683	528.8	583.918	587.993	501.79	491.013	404.658	401.96	362.1	339.308	423.79	206	469.741	207.378	464.437	624.277	603.635	406.17	515.234	624.399	346.541	571.554	571.455	557.866	655.647	638.632	685.209	891.881	867.32	710.594	505.516	541.62	634.513	599.016	581.876	509.564	570.917	790.095	448.343	563.495	477.079	771.836	584.509	660.112	360.036	571.64	381.992	220.931	629.651	438.155	528.188	573.569	717.84	755.293	527.128	647.554	483.635	702.098	805.054	622.216	444.74	461.259	691.248	733.387	892.859	896.909	849.338	631.536	614.081	656.394	345.78	628.105	402.94	582.275	635.01	587.018	
763.376	846.855	865.335	942.692	798.554	679.17	796.597	696.798	850.076	674.58	818.48	768.797	913.115	911.24	877.597	748.99	924.801	761.237	925.447	813.295	815.54	800.419	726.113	532.301	1012.39	885.277	803.211	719.609	887.064	814.045	719.218	735.918	977.664	727.937	854.936	690.881	785.385	853.771	870.17	809.119	659.1	843.087	866.664	691.691	422.333	708.597	932.334	937.376	814.758	801.827	1108.65	637.462	823.855	920.256	813.008	568.829	762.045	839.253	844.901	825.885	682.75	817.105	637.14	926.074	670.673	758.992	771.653	735.046	945.391	989.173	783.827	660.087	658.482	657.933	722.664	685.721	684.883	656.865	858.101	741.911	563.562	682.76	853.719	653.021	729.5	660.249	731.841	796.991	672.348	615.772	813.894	680.226	934.788	767.787	932.568	764.269	920.938	719.102	828.761	895.504	837.018	703.046	991.855	897.226	915.488	954.554	851.679	661.681	590.302	505.315	959.877	917.597	948.484	906.21	1014.06	866.223	625.756	698.289	920.76	875.732	802.663	885.018	582.372	533.855	815.432	798.556	693.169	767.171	526.359	615.839	776.432	471.309	738.105	560.529	755.706	867.817	862.336	860.048	799.018	907.965	673.814	736.061	826.746	899.649	987.583	665.94	790.524	648.293	674.351	516.198	845.32	690.428	489.923	547.952	737.5	744.911	937.637	788.566	647.184	579.883	675.187	716.362	827.866	911.871	756.388	566.129	724.12	465.546	670.714	689.405	673.088	451.704	721.42	648.196	865.249	885.061	755.336	628.962	813.428	730.979	659.179	753.512	642	683.453	631.195	710.183	714.391	832.021	969.584	884.172	834.581	851.417	667.47	747.156	782.159	823.349	
